0.515384 40
0.555752 1040
0.564072 1040
0.59612 1040
0.60444 1040
0.61276 1040
0.62108 1040
0.636488 1040
0.644808 1040
0.653128 1040
0.661448 1040
0.669768 1040
0.678088 1040
0.686408 1040
0.694728 1040
0.703048 1040
0.711368 1040
0.719688 1040
0.728008 1040
0.736328 1040
0.744648 1040
0.752968 1040
0.761288 1040
0.769608 1040
0.777928 1040
0.786248 1040
0.794568 1040
0.802888 1040
0.811208 1040
0.819528 1040
0.827848 1040
0.836168 1040
0.844488 1040
0.852808 1040
0.861128 1040
0.869448 1040
0.877768 1040
0.886088 1040
0.894408 1040
0.902728 1040
0.911048 1040
0.919368 1040
0.927688 1040
0.936008 1040
0.944328 1040
0.952648 1040
0.960968 1040
0.969288 1040
0.977608 1040
0.985928 1040
0.994248 1040
1.002568 1040
1.010888 1040
1.019208 1040
1.027528 1040
1.035848 1040
1.044168 1040
1.052488 1040
1.060808 1040
1.069128 1040
1.077448 1040
1.085768 1040
1.094088 1040
1.102408 1040
1.110728 1040
1.119048 1040
1.127368 1040
1.135688 1040
1.144008 1040
1.152328 1040
1.160648 1040
1.168968 1040
1.177288 1040
1.185608 1040
1.193928 1040
1.202248 1040
1.210568 1040
1.218888 1040
1.227208 1040
1.235528 1040
1.243848 1040
1.252168 1040
1.260488 1040
1.268808 1040
1.277128 1040
1.285448 1040
1.293768 1040
1.302088 1040
1.310408 1040
1.318728 1040
1.327048 1040
1.335368 1040
1.343688 1040
1.352008 1040
1.360328 1040
1.368648 1040
1.376968 1040
1.385288 1040
1.393608 1040
1.401928 1040
1.410248 1040
1.418568 1040
1.426888 1040
1.435208 1040
1.443528 1040
1.451848 1040
1.460168 1040
1.468488 1040
1.476808 1040
1.485128 1040
1.493448 1040
1.501768 1040
1.510088 1040
1.518408 1040
1.526728 1040
1.535048 1040
1.543368 1040
1.551688 1040
1.560008 1040
1.568328 1040
1.576648 1040
1.584968 1040
1.593288 1040
1.601608 1040
1.609928 1040
1.618248 1040
1.626568 1040
1.634888 1040
1.643208 1040
1.651528 1040
1.659848 1040
1.668168 1040
1.676488 1040
1.684808 1040
1.693128 1040
1.701448 1040
1.709768 1040
1.718088 1040
1.726408 1040
1.734728 1040
1.743048 1040
1.751368 1040
1.759688 1040
1.768008 1040
1.776328 1040
1.784648 1040
1.792968 1040
1.801288 1040
1.809608 1040
1.817928 1040
1.826248 1040
1.834568 1040
1.842888 1040
1.851208 1040
1.859528 1040
1.867848 1040
1.876168 1040
1.884488 1040
1.892808 1040
1.901128 1040
1.909448 1040
1.917768 1040
1.926088 1040
1.934408 1040
1.942728 1040
1.951048 1040
1.959368 1040
1.967688 1040
1.976008 1040
1.984328 1040
1.992648 1040
2.000968 1040
2.009288 1040
2.017608 1040
2.025928 1040
2.034248 1040
2.042568 1040
2.050888 1040
2.059208 1040
2.067528 1040
2.075848 1040
2.084168 1040
2.092488 1040
2.100808 1040
2.109128 1040
2.117448 1040
2.125768 1040
2.134088 1040
2.142408 1040
2.150728 1040
2.159048 1040
2.167368 1040
2.175688 1040
2.184008 1040
2.192328 1040
2.200648 1040
2.208968 1040
2.217288 1040
2.225608 1040
2.233928 1040
2.242248 1040
2.250568 1040
2.258888 1040
2.267208 1040
2.275528 1040
2.283848 1040
2.292168 1040
2.300488 1040
2.308808 1040
2.317128 1040
2.325448 1040
2.333768 1040
2.342088 1040
2.350408 1040
2.358728 1040
2.367048 1040
2.375368 1040
2.383688 1040
2.392008 1040
2.400328 1040
2.408648 1040
2.416968 1040
2.425288 1040
2.433608 1040
2.441928 1040
2.450248 1040
2.458568 1040
2.466888 1040
2.475208 1040
2.483528 1040
2.491848 1040
2.500168 1040
2.508488 1040
2.516808 1040
2.525128 1040
2.533448 1040
2.541768 1040
2.550088 1040
2.558408 1040
2.566728 1040
2.575048 1040
2.583368 1040
2.591688 1040
2.600008 1040
2.608328 1040
2.616648 1040
2.624968 1040
2.633288 1040
2.641608 1040
2.649928 1040
2.658248 1040
2.666568 1040
2.674888 1040
2.683208 1040
2.691528 1040
2.699848 1040
2.708168 1040
2.716488 1040
2.724808 1040
2.733128 1040
2.741448 1040
2.749768 1040
2.758088 1040
2.766408 1040
2.774728 1040
2.783048 1040
2.791368 1040
2.799688 1040
2.808008 1040
2.816328 1040
2.824648 1040
2.832968 1040
2.841288 1040
2.849608 1040
2.857928 1040
2.866248 1040
2.874568 1040
2.882888 1040
2.891208 1040
2.899528 1040
2.907848 1040
2.916168 1040
2.924488 1040
2.932808 1040
2.941128 1040
2.949448 1040
2.957768 1040
2.966088 1040
2.974408 1040
2.982728 1040
2.991048 1040
2.999368 1040
3.007688 1040
3.016008 1040
3.024328 1040
3.032648 1040
3.040968 1040
3.049288 1040
3.057608 1040
3.065928 1040
3.074248 1040
3.082568 1040
3.090888 1040
3.099208 1040
3.107528 1040
3.115848 1040
3.124168 1040
3.132488 1040
3.140808 1040
3.149128 1040
3.157448 1040
3.165768 1040
3.174088 1040
3.182408 1040
3.190728 1040
3.199048 1040
3.207368 1040
3.215688 1040
3.224008 1040
3.232328 1040
3.240648 1040
3.248968 1040
3.257288 1040
3.265608 1040
3.273928 1040
3.282248 1040
3.290568 1040
3.298888 1040
3.307208 1040
3.315528 1040
3.323848 1040
3.332168 1040
3.340488 1040
3.348808 1040
3.357128 1040
3.365448 1040
3.373768 1040
3.382088 1040
3.390408 1040
3.398728 1040
3.407048 1040
3.415368 1040
3.423688 1040
3.432008 1040
3.440328 1040
3.448648 1040
3.456968 1040
3.465288 1040
3.473608 1040
3.481928 1040
3.490248 1040
3.498568 1040
3.506888 1040
3.515208 1040
3.523528 1040
3.531848 1040
3.540168 1040
3.548488 1040
3.556808 1040
3.565128 1040
3.573448 1040
3.581768 1040
3.590088 1040
3.598408 1040
3.606728 1040
3.615048 1040
3.623368 1040
3.631688 1040
3.640008 1040
3.648328 1040
3.656648 1040
3.664968 1040
3.673288 1040
3.681608 1040
3.689928 1040
3.698248 1040
3.706568 1040
3.714888 1040
3.723208 1040
3.731528 1040
3.739848 1040
3.748168 1040
3.756488 1040
3.764808 1040
3.773128 1040
3.781448 1040
3.789768 1040
3.798088 1040
3.806408 1040
3.814728 1040
3.823048 1040
3.831368 1040
3.839688 1040
3.848008 1040
3.856328 1040
3.864648 1040
3.872968 1040
3.881288 1040
3.889608 1040
3.897928 1040
3.906248 1040
3.914568 1040
3.922888 1040
3.931208 1040
3.939528 1040
3.947848 1040
3.956168 1040
3.964488 1040
3.972808 1040
3.981128 1040
3.989448 1040
3.997768 1040
4.006088 1040
4.014408 1040
4.022728 1040
4.031048 1040
4.039368 1040
4.047688 1040
4.056008 1040
4.064328 1040
4.072648 1040
4.080968 1040
4.089288 1040
4.097608 1040
4.105928 1040
4.114248 1040
4.122568 1040
4.130888 1040
4.139208 1040
4.147528 1040
4.155848 1040
4.164168 1040
4.172488 1040
4.180808 1040
4.189128 1040
4.197448 1040
4.205768 1040
4.214088 1040
4.222408 1040
4.230728 1040
4.239048 1040
4.247368 1040
4.255688 1040
4.264008 1040
4.272328 1040
4.280648 1040
4.288968 1040
4.297288 1040
4.305608 1040
4.313928 1040
4.322248 1040
4.330568 1040
4.338888 1040
4.347208 1040
4.355528 1040
4.363848 1040
4.372168 1040
4.380488 1040
4.388808 1040
4.397128 1040
4.405448 1040
4.413768 1040
4.422088 1040
4.430408 1040
4.438728 1040
4.447048 1040
4.455368 1040
4.463688 1040
4.472008 1040
4.480328 1040
4.488648 1040
4.496968 1040
4.505288 1040
4.513608 1040
4.521928 1040
4.530248 1040
4.538568 1040
4.546888 1040
4.555208 1040
4.563528 1040
4.571848 1040
4.580168 1040
4.588488 1040
4.596808 1040
4.605128 1040
4.613448 1040
4.621768 1040
4.630088 1040
4.638408 1040
4.646728 1040
